51	26
1000.000000	-25000.000000	-25000.000000
4.0640998e+01	-6.1638106e-03	1.1993443e-01
1.6057542e+02	3.1120237e-02	6.3093304e-02
1.6682760e+02	-1.4304769e-02	-1.0048859e-03
1.5856565e+02	-3.0575555e-02	-1.7202253e-02
1.3242310e+02	-2.7501927e-02	-2.4321777e-02
1.0992210e+02	-2.1157948e-02	-2.7809817e-02
7.6803465e+01	-2.3171335e-03	-2.8558637e-02
5.2804825e+01	-7.4048461e-03	-1.9837380e-02
3.7128706e+01	-4.6350049e-03	-1.9602865e-02
1.3599095e+01	8.1227827e-03	-2.7941069e-02
-1.8753432e+01	2.4019698e-03	-3.3120815e-02
-5.2642535e+01	2.2674229e-04	-4.8925803e-02
-1.1660504e+02	2.7871065e-04	-9.2099515e-02
-2.3684157e+02	-7.9419245e-03	-1.2506652e-01
-3.6673808e+02	-1.1428962e-02	-1.1173445e-01
-4.6031046e+02	-2.2988611e-02	-6.9826280e-02
-5.0639064e+02	-1.7918289e-02	-2.9492544e-02
-5.1929555e+02	-6.8488055e-03	-2.3533755e-03
-5.1109739e+02	2.1252478e-03	1.6417912e-02
-4.8645972e+02	1.2477167e-02	3.4059365e-02
-4.4297866e+02	-1.1618657e-02	4.7629234e-02
-3.9120126e+02	-1.8601328e-02	5.6331119e-02
-3.3031642e+02	-1.8211501e-02	6.4376633e-02
-2.6244799e+02	-2.9975099e-02	5.8755442e-02
-2.1280554e+02	-5.5967128e-02	1.1123514e-01
-3.9977717e+01	-2.9938065e-02	1.7282782e-01
3.4477187e+01	-5.9873207e-03	1.5721847e-01
1.9169566e+02	2.3304942e-02	5.9022825e-02
1.5252284e+02	-8.1913087e-03	-3.1852782e-02
1.2799010e+02	-2.0505247e-02	-2.3800832e-02
1.0492117e+02	-2.8566110e-02	-1.9612973e-02
8.8764151e+01	-2.6298962e-02	-1.5217420e-02
7.4486332e+01	-6.0071824e-03	-2.1682086e-02
4.5399978e+01	-4.8661425e-03	-2.0996316e-02
3.2493701e+01	-5.6656569e-03	-1.1839050e-02
2.1721877e+01	4.9324317e-03	-2.4422581e-02
-1.6351462e+01	2.8377728e-03	-3.7068835e-02
-5.2415793e+01	-3.3253235e-03	-4.9987432e-02
-1.1632633e+02	-1.9420712e-02	-9.6183849e-02
-2.4478349e+02	-2.1735663e-02	-1.3092036e-01
-3.7816704e+02	-1.5058864e-02	-1.1925779e-01
-4.8329907e+02	-1.2348545e-02	-7.3070944e-02
-5.2430893e+02	-1.3355826e-02	-2.1422642e-02
-5.2614435e+02	-7.4233366e-03	7.6683930e-03
-5.0897214e+02	7.4942112e-03	2.6080898e-02
-4.7398256e+02	1.4547373e-02	2.7187412e-02
-4.5459732e+02	6.0744614e-03	3.2089986e-02
-4.0980258e+02	-8.7086549e-03	5.3034697e-02
-3.4852792e+02	-2.0499656e-02	5.8689748e-02
-2.9242309e+02	-2.8085432e-02	3.9877629e-02
-2.6877267e+02	-4.3838631e-02	1.1125365e-01
-6.9915782e+01	-2.4779578e-02	1.9885688e-01
2.8666356e+01	3.0577175e-03	1.7851895e-01
2.0718531e+02	5.8301428e-03	6.0889316e-02
1.5044499e+02	2.0991362e-03	-4.4815075e-02
1.1755516e+02	-3.2587143e-03	-3.7577054e-02
7.5290879e+01	-1.6431155e-02	-3.0115493e-02
5.7324174e+01	-1.2977644e-02	-5.2508893e-03
6.4789101e+01	-1.0952618e-03	-7.1258171e-03
4.3072540e+01	-3.6748537e-03	-1.9495854e-02
2.5797392e+01	-1.7729970e-02	-9.8042907e-03
2.3463958e+01	-1.8757601e-02	-1.9437639e-02
-1.3077886e+01	-1.3601000e-02	-4.1378570e-02
-5.9293182e+01	-2.2170484e-02	-7.1184287e-02
-1.5544646e+02	-3.8691302e-02	-1.1050986e-01
-2.8031289e+02	-3.6871397e-02	-1.2070467e-01
-3.9685581e+02	-1.8182735e-02	-1.0234733e-01
-4.8500755e+02	-1.8972758e-04	-6.8123242e-02
-5.3310229e+02	3.6005799e-03	-2.4567336e-02
-5.3414222e+02	1.2393654e-02	1.8496662e-02
-4.9610897e+02	3.0031482e-02	3.8388621e-02
-4.5736498e+02	2.8241596e-02	3.2639615e-02
-4.3082974e+02	2.8080802e-02	2.4373206e-02
-4.0861857e+02	1.6433384e-02	2.9757001e-02
-3.7131573e+02	5.2327162e-03	4.4999856e-02
-3.1861885e+02	-7.7786531e-03	3.5416467e-02
-3.0048280e+02	-1.4188733e-02	1.1454099e-01
-8.9536872e+01	-2.4305034e-03	2.1094593e-01
4.0592622e+01	5.9603423e-03	1.6276332e-01
2.0335595e+02	5.6937875e-04	5.8064243e-02
1.5672111e+02	-1.6525677e-03	-4.0941639e-02
1.2147267e+02	-1.4474896e-02	-4.2331123e-02
7.2058863e+01	-7.5324104e-03	-2.9331903e-02
6.2808862e+01	6.6811159e-04	1.1847257e-04
7.2295808e+01	-6.6138096e-03	-1.2379296e-02
3.8050271e+01	-1.6221844e-02	-3.7631024e-02
-2.9662388e+00	-2.5381136e-02	-2.6921798e-02
-1.5793325e+01	-2.9724436e-02	-2.0293612e-02
-4.3553462e+01	-3.4040259e-02	-4.0481718e-02
-9.6756760e+01	-4.1802262e-02	-7.5077734e-02
-1.9370893e+02	-3.5352706e-02	-1.1088476e-01
-3.1852628e+02	-2.2470926e-02	-1.1041179e-01
-4.1453251e+02	-1.7831085e-03	-8.2576121e-02
-4.8367852e+02	7.2028552e-03	-5.1287629e-02
-5.1710777e+02	2.0682479e-02	-8.8392599e-03
-5.0135704e+02	2.6324852e-02	3.4099295e-02
-4.4890918e+02	3.4813811e-02	4.1928840e-02
-4.1749936e+02	3.1290197e-02	2.5236732e-02
-3.9843571e+02	2.1569879e-02	2.0281774e-02
-3.7693582e+02	2.1110033e-02	3.0186611e-02
-3.3806249e+02	2.1990475e-02	3.4477711e-02
-3.0798039e+02	9.6761565e-03	2.0456179e-02
-2.9715013e+02	5.3657126e-03	1.1660180e-01
-7.4776789e+01	5.1757167e-03	2.2237334e-01
4.0587041e+01	3.9514668e-03	1.6773703e-01
2.0832407e+02	5.9101540e-03	5.3276406e-02
1.4713985e+02	-1.3226624e-02	-5.9859350e-02
8.8605366e+01	-2.6728702e-02	-4.3456897e-02
6.0226058e+01	-2.1507237e-02	-1.4972485e-02
5.8660397e+01	-1.6045307e-02	-4.3322885e-03
5.1561481e+01	-1.8798625e-02	-2.4015773e-02
1.0628851e+01	-2.5650013e-02	-3.8263181e-02
-2.4964880e+01	-2.4300666e-02	-2.3306882e-02
-3.5984913e+01	-2.3711198e-02	-2.8096763e-02
-8.1158405e+01	-3.8089986e-02	-5.3456396e-02
-1.4289771e+02	-4.9855567e-02	-7.2496733e-02
-2.2615187e+02	-3.1901694e-02	-9.1178520e-02
-3.2525474e+02	1.0257583e-03	-8.7135076e-02
-4.0042202e+02	2.0953034e-02	-7.2673547e-02
-4.7060184e+02	2.4767912e-02	-4.5657655e-02
-4.9173733e+02	2.7472022e-02	-5.4453390e-03
-4.8149252e+02	1.4544850e-02	3.2627994e-02
-4.2648134e+02	-4.4533005e-04	4.3353966e-02
-3.9478458e+02	-9.2770128e-03	1.9395683e-02
-3.8768998e+02	-7.8796310e-03	1.4193042e-02
-3.6639850e+02	3.3616911e-03	3.0177597e-02
-3.2733478e+02	-1.9997946e-03	3.3565980e-02
-2.9926654e+02	-4.2559459e-03	1.8791705e-02
-2.8975138e+02	1.4794179e-03	1.1004055e-01
-7.9185439e+01	8.6615077e-04	2.1056594e-01
4.8495556e+01	1.5357941e-02	1.6668070e-01
2.1517625e+02	1.3578929e-02	4.0886152e-02
1.3026786e+02	5.9116596e-03	-7.3580495e-02
6.8015264e+01	4.5475454e-03	-5.0611735e-02
2.9044389e+01	-8.4666729e-03	-1.8648508e-02
3.0718247e+01	-1.9243290e-02	2.8270842e-03
3.4698557e+01	-2.4051472e-02	-2.1984001e-02
-1.3249755e+01	-3.1180929e-02	-4.3133064e-02
-5.1567570e+01	-3.3382915e-02	-2.4982983e-02
-6.3215721e+01	-4.6867449e-02	-3.4082932e-02
-1.1973343e+02	-5.4035146e-02	-6.6626086e-02
-1.9646789e+02	-5.5444009e-02	-6.8889442e-02
-2.5751232e+02	-3.0188020e-02	-6.0003436e-02
-3.1647477e+02	1.8371621e-03	-5.7557062e-02
-3.7262644e+02	1.5145622e-02	-5.8833967e-02
-4.3414270e+02	3.2932403e-02	-4.4768641e-02
-4.6216372e+02	2.7605631e-02	-1.9062322e-02
-4.7226734e+02	1.7557805e-02	6.1819429e-03
-4.4979984e+02	-1.2196914e-02	1.8106977e-02
-4.3605339e+02	-2.7815162e-02	1.7802431e-02
-4.1419498e+02	-2.0089553e-02	3.2920478e-02
-3.7021243e+02	-6.9555607e-03	3.6066447e-02
-3.4206208e+02	-1.7397391e-02	2.6860074e-02
-3.1649229e+02	-2.0223980e-02	2.3935392e-02
-2.9419130e+02	5.4191380e-03	1.2172390e-01
-7.3044487e+01	1.6446477e-02	2.2114681e-01
7.1302923e+01	2.5954327e-02	1.6417900e-01
2.3548192e+02	3.5583239e-02	4.3830124e-02
1.5896317e+02	5.7047540e-02	-6.8890733e-02
9.7700457e+01	5.2205790e-02	-5.7835229e-02
4.3292713e+01	3.4743029e-02	-3.8763320e-02
2.0173816e+01	3.6671942e-03	-1.9917088e-02
3.4585373e+00	-2.4984891e-02	-3.5953412e-02
-5.1733008e+01	-3.2212704e-02	-4.7594624e-02
-9.1730710e+01	-3.5947895e-02	-3.8993401e-02
-1.2971981e+02	-5.0044002e-02	-4.8748993e-02
-1.8922870e+02	-5.7077630e-02	-6.2032957e-02
-2.5378572e+02	-4.1865667e-02	-4.8649608e-02
-2.8652791e+02	-2.2498890e-02	-3.3897348e-02
-3.2158042e+02	-8.7842863e-03	-4.1801433e-02
-3.7013078e+02	6.7412191e-03	-4.1578306e-02
-4.0473703e+02	2.7828297e-02	-3.3197646e-02
-4.3652607e+02	2.5689608e-02	-2.0819936e-02
-4.4637691e+02	2.7417795e-02	-7.1745507e-03
-4.5087517e+02	1.2360046e-02	-2.0190013e-03
-4.5041491e+02	2.4525272e-03	1.1503043e-02
-4.2786909e+02	-3.1700561e-03	3.5052644e-02
-3.8030962e+02	-1.2512778e-02	3.2869760e-02
-3.6212957e+02	-1.6608733e-02	2.0297561e-02
-3.3971450e+02	-2.6185324e-03	4.1608234e-02
-2.7891310e+02	1.7144123e-02	1.4671101e-01
-4.6292486e+01	2.6871492e-02	2.3262061e-01
1.0040421e+02	1.7456668e-02	1.8593852e-01
2.8634273e+02	4.4472394e-02	7.1979365e-02
2.4436294e+02	8.1715586e-02	-5.6957944e-02
1.7242684e+02	8.9013829e-02	-7.2916246e-02
9.8530448e+01	6.9966138e-02	-6.7187104e-02
3.8052636e+01	3.5052979e-02	-5.6900836e-02
-1.5271225e+01	1.4650950e-02	-5.7863899e-02
-7.7675162e+01	1.1254802e-02	-5.4096068e-02
-1.2346336e+02	-2.3300872e-03	-4.2814282e-02
-1.6330373e+02	-5.1983828e-03	-5.5212667e-02
-2.3388869e+02	-5.5371113e-03	-5.8447750e-02
-2.8019923e+02	-3.1417631e-03	-3.4310701e-02
-3.0251010e+02	-8.6363957e-03	-2.6922056e-02
-3.3404334e+02	-3.1347984e-03	-2.8316953e-02
-3.5914400e+02	1.4642067e-02	-2.2221384e-02
-3.7848611e+02	3.4741904e-02	-2.5820252e-02
-4.1078451e+02	4.4249523e-02	-1.9472824e-02
-4.1743175e+02	4.2844453e-02	-7.1476199e-03
-4.2507975e+02	2.9698281e-02	-6.8582910e-03
-4.3114834e+02	1.9526672e-02	2.2723295e-03
-4.2053509e+02	1.2623226e-02	1.7955172e-02
-3.9523799e+02	6.2273427e-04	2.2627770e-02
-3.7527955e+02	1.2931840e-02	3.6754320e-02
-3.2172935e+02	2.8420025e-02	5.7688248e-02
-2.5990305e+02	8.7887950e-03	1.5121392e-01
-1.9301503e+01	1.3542105e-02	2.4060155e-01
1.0621626e+02	7.4337570e-03	2.1821045e-01
3.2442671e+02	3.2218895e-02	1.0808904e-01
3.2239434e+02	6.1673301e-02	-2.4349298e-02
2.7572811e+02	7.7747152e-02	-6.9584677e-02
1.8322499e+02	7.7121388e-02	-9.2724171e-02
9.0279774e+01	6.2521779e-02	-7.5232276e-02
3.2760437e+01	6.7040505e-02	-5.9751589e-02
-2.9223404e+01	7.5975018e-02	-6.4575661e-02
-9.6390884e+01	6.1327516e-02	-5.5446586e-02
-1.4011658e+02	4.2286584e-02	-5.1956017e-02
-2.0030292e+02	4.0864026e-02	-5.9976337e-02
-2.6006925e+02	2.2530823e-02	-5.1748892e-02
-3.0380070e+02	1.0391451e-02	-3.3890384e-02
-3.2785002e+02	1.9849865e-02	-1.8522971e-02
-3.4084665e+02	3.2196715e-02	-3.7016033e-03
-3.3525322e+02	5.5102471e-02	-3.5901891e-03
-3.4802702e+02	6.9679021e-02	-1.2717387e-02
-3.6068800e+02	5.7308472e-02	-2.1725793e-02
-3.9147861e+02	3.3295256e-02	-2.5336783e-02
-4.1136157e+02	2.7521323e-02	-5.5720123e-03
-4.0262263e+02	3.1645574e-02	1.6148707e-02
-3.7906415e+02	3.9642767e-02	3.3178374e-02
-3.3626589e+02	4.6553232e-02	4.8094852e-02
-2.8287445e+02	2.7592826e-02	3.7465189e-02
-2.6133551e+02	-6.9817683e-04	1.3183309e-01
-1.9208276e+01	1.8914647e-03	2.4212723e-01
1.1527172e+02	1.9873015e-02	2.3550880e-01
3.5078052e+02	3.2200422e-02	1.2621891e-01
3.6770954e+02	3.6391035e-02	-1.1429687e-02
3.2792115e+02	5.1450985e-02	-5.7468159e-02
2.5277322e+02	6.9397400e-02	-8.2412477e-02
1.6309619e+02	7.5793802e-02	-6.6981720e-02
1.1880979e+02	7.9521418e-02	-4.4410660e-02
7.4274874e+01	9.0574158e-02	-5.9809057e-02
-8.0832760e-01	8.2626141e-02	-7.6502717e-02
-7.8730559e+01	5.3203695e-02	-7.5676158e-02
-1.5216064e+02	3.1526762e-02	-7.8203510e-02
-2.3513758e+02	2.1059900e-02	-6.4783276e-02
-2.8172719e+02	2.2796625e-02	-2.9603015e-02
-2.9434361e+02	3.9061591e-02	-6.5116895e-03
-2.9475057e+02	6.0477501e-02	1.3031222e-02
-2.6828117e+02	6.7912654e-02	1.1662055e-02
-2.7142646e+02	7.4743272e-02	-1.7266822e-02
-3.0281481e+02	6.4439472e-02	-4.3531385e-02
-3.5848923e+02	5.5429391e-02	-3.6645441e-02
-3.7610569e+02	6.0573537e-02	6.2264760e-04
-3.5724394e+02	6.6158188e-02	3.0076616e-02
-3.1595246e+02	7.4016157e-02	3.7535427e-02
-2.8217308e+02	5.7579299e-02	2.4704380e-02
-2.6654370e+02	1.9031379e-02	1.0436840e-02
-2.6129940e+02	5.7223283e-03	1.2551256e-01
-1.5518573e+01	1.0507709e-02	2.4578083e-01
1.4596229e+02	3.8067464e-02	2.4286527e-01
3.8882755e+02	5.7428049e-02	1.2460706e-01
3.9517641e+02	4.3721822e-02	-5.0987348e-03
3.7863009e+02	5.3786742e-02	-3.6578312e-02
3.2201979e+02	6.5311898e-02	-6.8381353e-02
2.4186738e+02	6.3657366e-02	-6.5108258e-02
1.9180327e+02	5.4371202e-02	-4.4971233e-02
1.5192491e+02	5.0091770e-02	-6.1470937e-02
6.8861397e+01	3.9238959e-02	-9.2817049e-02
-3.3709186e+01	2.7931707e-02	-1.0305540e-01
-1.3724940e+02	1.4713014e-02	-9.2120133e-02
-2.1794945e+02	1.8033282e-02	-6.0479030e-02
-2.5820745e+02	2.5202224e-02	-1.5888692e-02
-2.4972683e+02	3.6248286e-02	1.9157906e-02
-2.1989164e+02	5.7056105e-02	2.5149459e-02
-1.9942792e+02	6.6979201e-02	1.0675582e-02
-1.9854048e+02	7.4402235e-02	-1.6190569e-02
-2.3180905e+02	7.3023844e-02	-4.1039674e-02
-2.8061983e+02	7.5479489e-02	-2.9202718e-02
-2.9021449e+02	7.9326177e-02	5.1567843e-03
-2.7030626e+02	7.2956477e-02	2.9591327e-02
-2.3103184e+02	6.0217147e-02	2.4599486e-02
-2.2110729e+02	3.9617125e-02	-6.8899264e-03
-2.4481169e+02	2.0027226e-02	-1.4391782e-02
-2.4989085e+02	9.7167686e-03	1.2330942e-01
1.8071417e+00	2.2263167e-02	2.5169799e-01
1.9140665e+02	3.8574694e-02	2.7422997e-01
4.6563662e+02	7.2290517e-02	1.3187327e-01
4.5515319e+02	6.7258451e-02	-1.5070994e-02
4.3549463e+02	5.7477949e-02	-3.5878082e-02
3.8339702e+02	4.6729942e-02	-7.2541853e-02
2.9041093e+02	3.6033509e-02	-7.7922416e-02
2.2755219e+02	8.5008783e-03	-5.7976255e-02
1.7445841e+02	-1.4682287e-02	-7.4941300e-02
7.7669590e+01	-1.1784645e-02	-9.8662780e-02
-2.2867145e+01	-4.4025577e-03	-1.0020210e-01
-1.2273462e+02	1.2871211e-02	-8.8101936e-02
-1.9907102e+02	2.7925220e-02	-5.4294065e-02
-2.3132275e+02	2.5636057e-02	-1.1388010e-02
-2.2184704e+02	2.3593966e-02	2.5342191e-02
-1.8063836e+02	2.7002620e-02	4.3762137e-02
-1.3432276e+02	4.8390263e-02	2.9008185e-02
-1.2262199e+02	5.4409595e-02	-1.1222179e-02
-1.5676712e+02	6.2113880e-02	-4.2454132e-02
-2.0753026e+02	7.0578058e-02	-3.0343107e-02
-2.1745334e+02	6.1558046e-02	-1.9003641e-03
-2.1133098e+02	4.5493251e-02	1.0967586e-02
-1.9551816e+02	1.9791425e-02	4.1960757e-03
-2.0293883e+02	8.8820440e-03	-1.5485541e-02
-2.2648925e+02	1.4941248e-02	-1.9463517e-02
-2.4186587e+02	5.6450975e-03	1.2774850e-01
2.9007761e+01	2.4707631e-02	2.7087363e-01
2.2311168e+02	2.1553738e-02	3.1029691e-01
5.3340859e+02	5.3955847e-02	1.5329082e-01
5.2969332e+02	6.2399676e-02	-1.9911303e-02
4.9358598e+02	4.5767417e-02	-5.7106822e-02
4.1547967e+02	2.5091839e-02	-8.9825793e-02
3.1393440e+02	1.3272134e-02	-1.0333732e-01
2.0880503e+02	-2.7000854e-02	-9.5687030e-02
1.2256034e+02	-5.8883523e-02	-8.1756461e-02
4.5292107e+01	-4.5684228e-02	-8.2537319e-02
-4.2514301e+01	-2.1290580e-02	-7.8399540e-02
-1.1150697e+02	4.8200334e-03	-5.9792355e-02
-1.6209901e+02	2.1080392e-02	-4.7714183e-02
-2.0693534e+02	2.7878299e-02	-2.0219946e-02
-2.0253890e+02	3.4379024e-02	2.0524469e-02
-1.6588640e+02	2.8579343e-02	4.9945756e-02
-1.0264739e+02	3.2146070e-02	3.8082557e-02
-8.9721289e+01	3.3812426e-02	-2.4669521e-03
-1.0758129e+02	4.1877623e-02	-2.4871211e-02
-1.3946371e+02	4.9488259e-02	-2.9758552e-02
-1.6709840e+02	2.5438699e-02	-1.9928023e-02
-1.7931976e+02	1.0063710e-02	-1.2175295e-02
-1.9144899e+02	-4.2233737e-03	-1.2011721e-02
-2.0334320e+02	5.7592035e-04	-1.1740103e-02
-2.1492920e+02	1.0237233e-02	-1.7628729e-02
-2.3860066e+02	4.5290936e-03	1.3307580e-01
5.1222403e+01	1.4193962e-02	2.8982306e-01
2.3451413e+02	1.1108099e-02	3.3903419e-01
5.7354831e+02	2.1808452e-02	1.7271920e-01
5.7995254e+02	2.7115551e-02	-2.3259424e-02
5.2702947e+02	2.3946404e-02	-7.3185919e-02
4.3358070e+02	5.3892206e-03	-1.0503714e-01
3.1695519e+02	-1.2056998e-02	-1.3001511e-01
1.7355048e+02	-3.8716864e-02	-1.3013191e-01
5.6691369e+01	-4.6507744e-02	-9.3624674e-02
-1.3698867e+01	-3.8566593e-02	-6.1069837e-02
-6.5448305e+01	-1.8360223e-02	-4.9697841e-02
-1.1309455e+02	-4.4652922e-03	-4.5730964e-02
-1.5691023e+02	5.0854644e-03	-3.1235800e-02
-1.7556615e+02	3.6080511e-02	1.9106215e-03
-1.5308899e+02	5.9630246e-02	2.6043235e-02
-1.2347968e+02	6.0742900e-02	4.1529183e-02
-7.0030623e+01	4.0690634e-02	3.4241268e-02
-5.4997142e+01	3.1776782e-02	-1.4906261e-03
-7.3011875e+01	3.3974759e-02	-2.6778298e-02
-1.0855374e+02	3.0280848e-02	-4.6782032e-02
-1.6657594e+02	1.1898736e-02	-4.1324913e-02
-1.9120356e+02	5.3959720e-03	-1.8694486e-02
-2.0396491e+02	6.2277838e-03	-5.2917141e-03
-2.0178699e+02	7.2923667e-03	-1.0249353e-03
-2.0601478e+02	2.2508083e-03	-1.5510344e-02
-2.3280768e+02	1.6451529e-04	1.3170523e-01
5.7395686e+01	4.9635791e-03	2.9020337e-01
2.4532788e+02	2.7327576e-03	3.3169762e-01
5.7702549e+02	-1.2769054e-02	1.6929827e-01
5.8392442e+02	-2.4726352e-02	-1.7773350e-02
5.4147879e+02	-2.2357017e-02	-7.8833151e-02
4.2625811e+02	-2.7349134e-02	-1.2582920e-01
2.8982040e+02	-3.2374275e-02	-1.4744341e-01
1.3137130e+02	-3.1641413e-02	-1.3013778e-01
2.9544850e+01	-1.8571975e-02	-8.1606189e-02
-3.1841079e+01	-3.7593373e-03	-5.4389798e-02
-7.9234746e+01	1.3179452e-04	-4.4298240e-02
-1.2043756e+02	1.0165962e-02	-3.6346668e-02
-1.5192808e+02	2.5827419e-02	-7.1683803e-03
-1.3477432e+02	5.0145889e-02	3.4324836e-02
-8.3278410e+01	7.0740425e-02	4.5186858e-02
-4.4400603e+01	7.9549003e-02	3.1006143e-02
-2.1266123e+01	4.6262201e-02	9.1164389e-03
-2.6167726e+01	2.9183754e-02	-9.1828266e-03
-3.9631776e+01	3.0018625e-02	-2.6367144e-02
-7.8902014e+01	3.5135491e-02	-5.1834575e-02
-1.4330093e+02	4.2087543e-02	-4.4812899e-02
-1.6852781e+02	3.5325989e-02	-1.7846247e-02
-1.7899342e+02	2.8932806e-02	-1.0115327e-02
-1.8875847e+02	2.1652447e-02	-1.5717079e-02
-2.1042758e+02	2.1518564e-03	-2.4756580e-02
-2.3827163e+02	-1.1519655e-02	1.3578857e-01
6.1149561e+01	-2.4686685e-03	2.9942119e-01
2.3997964e+02	-1.6108065e-02	3.0803056e-01
5.4801021e+02	-5.9417689e-02	1.4526010e-01
5.3049983e+02	-7.3522963e-02	-3.2847386e-02
4.8231543e+02	-7.3721600e-02	-7.5808701e-02
3.7888243e+02	-5.2946938e-02	-1.1505440e-01
2.5220664e+02	-3.1746086e-02	-1.3430739e-01
1.1026765e+02	-9.2691833e-03	-1.1632961e-01
1.9547419e+01	-7.7921642e-03	-6.5742598e-02
-2.1217542e+01	-9.1095285e-05	-4.2366067e-02
-6.5184716e+01	2.6325690e-02	-3.5772542e-02
-9.2762626e+01	5.3861859e-02	-2.0035339e-02
-1.0525539e+02	6.8861701e-02	8.7441277e-03
-7.5274371e+01	7.2740102e-02	4.6823627e-02
-1.1608139e+01	7.6592833e-02	5.5446349e-02
3.5618327e+01	7.2581098e-02	1.7050959e-02
2.2493778e+01	4.3472005e-02	-1.6123981e-02
3.3703650e+00	3.7680844e-02	-1.7734202e-02
-1.2974625e+01	2.7965368e-02	-2.0826561e-02
-3.8282757e+01	2.7975670e-02	-3.4713114e-02
-8.2400854e+01	3.8926393e-02	-4.1134415e-02
-1.2055159e+02	2.4307990e-02	-3.1849223e-02
-1.4609930e+02	1.3804306e-02	-1.8965256e-02
-1.5848210e+02	1.2143201e-02	-2.7805885e-02
-2.0171107e+02	1.3526209e-02	-4.8682446e-02
-2.5584699e+02	9.3414304e-03	1.2708471e-01
5.2458349e+01	-5.0294476e-03	3.0830534e-01
2.1311175e+02	-2.8777442e-02	2.4507837e-01
4.5819011e+02	-9.5602210e-02	1.1188337e-01
4.3687849e+02	-1.0715196e-01	-3.2077261e-02
3.9403559e+02	-9.5235726e-02	-5.8257127e-02
3.2036424e+02	-6.1735892e-02	-8.3853681e-02
2.2632823e+02	-3.4512235e-02	-1.0376565e-01
1.1283293e+02	-1.8671933e-02	-1.0618385e-01
1.3960521e+01	-1.1854039e-02	-7.2428101e-02
-3.2023269e+01	-4.0360834e-03	-2.0271944e-02
-2.6583367e+01	3.1407768e-02	9.6547140e-03
-1.2713841e+01	6.2600248e-02	6.1893441e-03
-1.4204679e+01	7.9861390e-02	1.1709863e-02
1.0705884e+01	7.5588661e-02	4.2055968e-02
6.9907257e+01	5.9522246e-02	4.5027854e-02
1.0076159e+02	4.2680783e-02	-2.1146847e-03
6.5677887e+01	3.7342314e-02	-2.5783815e-02
4.9193962e+01	3.5645307e-02	-2.4689464e-02
1.6298960e+01	2.7542112e-02	-3.6072318e-02
-2.2950675e+01	4.7424618e-03	-4.0873550e-02
-6.5448141e+01	-1.7450054e-03	-4.8480579e-02
-1.1991183e+02	1.0274259e-03	-4.2968334e-02
-1.5138481e+02	1.6071334e-03	-2.2280116e-02
-1.6447206e+02	5.7131626e-03	-1.5995176e-02
-1.8337516e+02	2.4814113e-02	-2.7558351e-02
-2.1958877e+02	4.9217640e-02	1.1723291e-01
5.1090666e+01	1.5696074e-03	2.7067943e-01
1.8242476e+02	-2.3228660e-02	1.7438103e-01
3.5680579e+02	-9.7881471e-02	6.6885582e-02
3.1619592e+02	-1.1613695e-01	-3.2480902e-02
2.9184398e+02	-1.0124532e-01	-3.0392637e-02
2.5541065e+02	-7.1507721e-02	-5.4330905e-02
1.8318217e+02	-4.4709010e-02	-9.1243430e-02
7.2923789e+01	-2.6815780e-02	-9.3671416e-02
-4.1606599e+00	-1.1764091e-02	-5.1106749e-02
-2.9289708e+01	8.0973156e-03	8.9574017e-04
-2.3691796e+00	1.7580804e-02	3.0863789e-02
3.2437870e+01	2.1739224e-02	2.8418283e-02
5.4467386e+01	3.2550138e-02	2.1732541e-02
7.5902951e+01	3.9851482e-02	2.6484484e-02
1.0743635e+02	1.9964269e-02	2.2538470e-02
1.2097989e+02	5.7565448e-03	-5.1289730e-03
9.7178407e+01	2.3052605e-02	-2.3159456e-02
7.4660979e+01	2.4498352e-02	-2.7534405e-02
4.2109598e+01	1.7595028e-02	-5.1729406e-02
-2.8797834e+01	-5.3867997e-03	-6.4000231e-02
-8.5890865e+01	-8.2759037e-03	-4.4849450e-02
-1.1849673e+02	1.9253327e-02	-2.8497085e-02
-1.4288503e+02	3.0503860e-02	-1.4279519e-02
-1.4705577e+02	3.0302903e-02	-4.5989049e-03
-1.5208284e+02	3.0774561e-02	-5.1779678e-03
-1.5741171e+02	5.2111876e-02	1.0384020e-01
5.5597564e+01	1.0644747e-02	2.1300927e-01
1.6665443e+02	-2.7597106e-02	9.5772746e-02
2.6242717e+02	-8.4145590e-02	1.8975085e-02
2.0460459e+02	-9.1807414e-02	-3.5441111e-02
1.9154495e+02	-8.8985627e-02	-1.3627899e-02
1.7734880e+02	-7.6128853e-02	-2.7317370e-02
1.3691021e+02	-5.1310564e-02	-5.9073711e-02
5.9201374e+01	-2.1316307e-02	-7.3238935e-02
-9.5676604e+00	-5.3857032e-03	-3.7515006e-02
-1.5828638e+01	1.0514345e-02	9.0729508e-03
8.5782411e+00	5.0232853e-03	2.3296622e-02
3.0764606e+01	-7.9411582e-03	2.1158678e-02
5.0895597e+01	-1.3568123e-02	2.9822121e-02
9.0408848e+01	-1.1627340e-02	2.9470099e-02
1.0983579e+02	-1.6800683e-02	1.0932917e-02
1.1227468e+02	-1.6650895e-02	9.7365125e-04
1.1178310e+02	-3.6439366e-03	-7.0420083e-03
9.8190665e+01	3.3438716e-04	-3.0147041e-02
5.1489015e+01	-9.4101224e-03	-6.5957470e-02
-3.3724274e+01	-9.0463241e-03	-6.6744482e-02
-8.1999948e+01	7.9216538e-03	-2.3840453e-02
-8.1405180e+01	3.4837005e-02	-4.1885697e-03
-9.0377088e+01	5.0713936e-02	-1.1230539e-02
-1.0386626e+02	3.2698541e-02	-1.5724476e-02
-1.2182604e+02	1.9018494e-02	-5.7493782e-03
-1.1536501e+02	2.6641665e-02	9.7103099e-02
7.2380160e+01	-2.2302825e-03	1.8774517e-01
1.2723055e+02	-3.6612963e-02	6.1284059e-02
1.8851460e+02	-5.4245733e-02	2.6752749e-03
1.3258110e+02	-5.8284745e-02	-3.7320938e-02
1.1387273e+02	-6.9916624e-02	-1.4714076e-02
1.0315294e+02	-7.0914092e-02	-1.6655842e-02
8.0561044e+01	-6.5908971e-02	-3.6430885e-02
3.0291174e+01	-4.5622380e-02	-4.7746555e-02
-1.4932066e+01	-1.6799371e-02	-1.9276097e-02
-8.2610191e+00	-6.2678723e-03	1.1304729e-02
7.6773911e+00	-8.2639621e-03	1.2408286e-02
1.6555553e+01	-9.5181461e-03	9.8268748e-03
2.7331141e+01	-1.4950122e-02	1.8046359e-02
5.2648271e+01	-3.4385724e-02	2.3251923e-02
7.3834987e+01	-3.7677614e-02	1.7514915e-02
8.7678101e+01	-2.3831830e-02	8.0277736e-03
8.9890534e+01	-2.6055218e-02	-6.1741739e-03
7.5329753e+01	-3.2538479e-02	-3.3300590e-02
2.3289353e+01	-2.7876461e-02	-6.1110118e-02
-4.6890482e+01	-1.3674606e-02	-4.6668455e-02
-7.0047557e+01	2.9189985e-03	-9.6612157e-04
-4.8822725e+01	1.6701252e-02	1.4295197e-02
-4.1457163e+01	2.7673359e-02	-1.6417983e-02
-8.1658690e+01	1.4659726e-02	-3.6294346e-02
-1.1404586e+02	4.7728420e-03	-1.1234844e-02
-1.0412838e+02	-3.4288666e-03	8.2591427e-02
5.1136999e+01	-2.5940801e-02	1.5526538e-01
9.3428499e+01	-3.9101677e-02	6.0507207e-02
1.5393571e+02	-3.7482266e-02	-2.6966972e-03
8.8035105e+01	-4.2742309e-02	-5.1112002e-02
5.1711702e+01	-5.3821994e-02	-2.6257247e-02
3.5520611e+01	-6.2207667e-02	-2.3309718e-02
5.0922667e+00	-7.3060010e-02	-3.3781999e-02
-3.2043386e+01	-6.3742129e-02	-2.4129335e-02
-4.3166403e+01	-3.5787121e-02	1.8395020e-03
-2.8364383e+01	-1.9241518e-02	1.7608360e-02
-7.9496830e+00	-1.3326041e-02	2.0046348e-02
1.1728314e+01	1.3097267e-03	1.4472518e-02
2.0995352e+01	8.2092369e-03	4.9545436e-03
2.1637401e+01	-8.0852882e-03	6.7426070e-03
3.4480566e+01	-2.1291072e-02	2.1486810e-02
6.4611021e+01	-1.1712660e-02	1.2596047e-02
5.9672660e+01	-1.6430053e-02	-1.5748657e-02
3.3113707e+01	-2.2269008e-02	-3.1968284e-02
-4.2639073e+00	-8.5864643e-03	-4.7093596e-02
-6.1073485e+01	4.1340353e-03	-3.5949022e-02
-7.6161951e+01	7.3554571e-03	6.5354044e-03
-4.8002677e+01	1.2431957e-03	2.0565791e-02
-3.5030369e+01	-1.0150269e-02	-1.3272065e-02
-7.4546806e+01	-1.0594662e-02	-3.8624993e-02
-1.1228036e+02	-1.2587294e-02	-2.3837971e-02
-1.2222275e+02	-2.4042749e-02	6.6389457e-02
2.0498558e+01	-3.5521564e-02	1.4272131e-01
4.9027191e+01	-5.4743507e-02	6.4522882e-02
1.1355007e+02	-4.4332791e-02	-9.6535637e-04
4.7096479e+01	-2.6485565e-02	-5.3660666e-02
6.2287405e+00	-2.1106892e-02	-3.4179434e-02
-2.1262390e+01	-3.5343819e-02	-3.5893858e-02
-6.5558975e+01	-4.3826620e-02	-3.7965347e-02
-9.7193084e+01	-3.7584918e-02	-1.0473667e-02
-8.6506309e+01	-2.4847209e-02	2.5224515e-02
-4.6744054e+01	-4.7060003e-03	3.3765809e-02
-1.8974691e+01	-9.3181690e-03	3.2959530e-02
1.9175006e+01	-6.3165735e-03	3.1362153e-02
4.3749615e+01	6.9030765e-03	8.6513442e-03
3.6477695e+01	9.0123634e-03	-6.2483863e-03
3.1252842e+01	1.2996538e-03	1.3887543e-02
6.4252781e+01	-1.2634517e-02	1.2888793e-02
5.7030427e+01	-5.3323546e-03	-1.6730522e-02
3.0791737e+01	6.5244618e-03	-2.5457001e-02
6.1164246e+00	1.4497757e-02	-3.4707074e-02
-3.8622411e+01	2.8653986e-02	-3.0726534e-02
-5.5336643e+01	2.2523501e-02	-3.8569612e-03
-4.6336334e+01	5.6276746e-03	-3.2105287e-03
-6.1757700e+01	-1.4870055e-02	-2.8255840e-02
-1.0284801e+02	-2.3272412e-02	-3.8731372e-02
-1.3922044e+02	-2.6481827e-02	-2.4682931e-02
-1.5221388e+02	-2.9960367e-02	5.9657157e-02
-1.9906130e+01	-4.7480270e-02	1.3230775e-01
-1.6058516e+01	-6.5156118e-02	8.1328640e-02
6.5270125e+01	-4.9979841e-02	2.5561245e-02
3.5063974e+01	-1.9139155e-02	-2.7886103e-02
9.4979177e+00	-9.5476442e-03	-3.5115500e-02
-3.5167026e+01	-1.0172112e-02	-4.6029446e-02
-8.2560974e+01	-3.6685979e-03	-3.6023098e-02
-1.0721322e+02	2.4687051e-03	-5.1499239e-03
-9.2860821e+01	6.7009005e-03	3.4718420e-02
-3.7776383e+01	1.5250308e-02	3.3137400e-02
-2.6586021e+01	5.5039373e-03	1.8435775e-02
-9.0483296e-01	-1.3293952e-02	3.0693763e-02
3.4801505e+01	-2.2566148e-02	2.0283480e-02
3.9662128e+01	-1.3366809e-02	1.1391843e-03
3.7079874e+01	-8.4075105e-03	-1.6007008e-04
3.9341988e+01	-3.5076375e-02	5.9640385e-03
4.9007951e+01	-2.9492473e-02	3.4103214e-03
4.6162630e+01	-1.0914199e-02	-1.2138172e-02
2.4731607e+01	-4.7510773e-03	-2.4964072e-02
-3.7655144e+00	1.1255298e-02	-2.7923278e-02
-3.1114949e+01	1.6275205e-02	-1.6490907e-02
-3.6747328e+01	-2.6587240e-03	-1.6827764e-02
-6.4770478e+01	-1.1784934e-02	-4.2172152e-02
-1.2109163e+02	-2.1374860e-02	-5.0236765e-02
-1.6524401e+02	-3.4957235e-02	-3.0525925e-02
-1.8214348e+02	-3.8730957e-02	4.5391014e-02
-7.4461981e+01	-5.8426302e-02	1.0768150e-01
-8.1285044e+01	-5.8681070e-02	9.4875435e-02
1.3590392e+01	-5.5571166e-02	4.5051606e-02
8.8181689e+00	-3.8388608e-02	-1.3228470e-02
-1.2866548e+01	-2.8805848e-02	-2.5212391e-02
-4.1606613e+01	-5.8834628e-03	-3.0014812e-02
-7.2896171e+01	1.4222315e-02	-2.5324530e-02
-9.2255673e+01	1.9711147e-02	-1.0416825e-04
-7.3104508e+01	2.0804178e-02	3.8006117e-02
-1.6243439e+01	1.2050848e-02	3.2568846e-02
-7.9668158e+00	1.1218763e-02	4.4152706e-03
-7.4128980e+00	-8.3368295e-03	3.2920671e-03
-1.3826816e+00	-3.3161941e-02	8.5784873e-03
9.7440767e+00	-3.6539720e-02	7.9102513e-03
1.4437821e+01	-3.1013437e-02	-7.8220231e-03
-5.8999696e+00	-4.2310383e-02	-8.1961699e-03
-1.9545188e+00	-5.6553447e-02	7.4316545e-03
8.9633393e+00	-5.2173181e-02	-7.1560558e-04
-3.3857299e+00	-5.3246237e-02	-1.2537577e-02
-1.6111816e+01	-4.7094364e-02	-9.7002514e-03
-2.2786233e+01	-3.3860863e-02	-1.7770983e-02
-5.1653782e+01	-4.5082215e-02	-3.1270667e-02
-8.5327567e+01	-4.2717712e-02	-4.6971975e-02
-1.4559773e+02	-3.7447706e-02	-6.1903673e-02
-2.0913491e+02	-4.2954639e-02	-4.2039029e-02
-2.2967579e+02	-4.8484714e-02	3.6188090e-02
-1.3675873e+02	-5.6922757e-02	9.2917058e-02
-1.3342066e+02	-5.2551378e-02	8.7548449e-02
-4.5872206e+01	-5.9144114e-02	4.5853707e-02
-4.1713241e+01	-4.2359025e-02	-1.1207860e-03
-4.8113778e+01	-2.1812689e-02	-2.6103552e-03
-4.6933952e+01	-1.4093596e-03	-3.0012821e-03
-5.4116343e+01	1.6363361e-02	-1.0428488e-02
-6.7790928e+01	2.8652785e-02	1.4319386e-03
-5.1252466e+01	2.4913740e-02	2.7058120e-02
-1.3674688e+01	-2.3592107e-03	2.3551986e-02
-4.1484944e+00	-6.5600589e-03	-1.9519022e-03
-1.7578492e+01	-9.8060628e-03	-1.3686941e-02
-3.1522377e+01	-2.1762500e-02	-7.9194106e-03
-3.3417313e+01	-3.8540143e-02	3.2876886e-03
-2.4947000e+01	-4.8843511e-02	-5.9307327e-03
-4.5278778e+01	-4.6098021e-02	-1.9575972e-02
-6.4098943e+01	-6.2594371e-02	-6.4524761e-03
-5.8183731e+01	-7.2130693e-02	-8.8309617e-03
-8.1760867e+01	-7.7905894e-02	-1.9885256e-02
-9.7954243e+01	-8.7492232e-02	-8.5379046e-03
-9.8836676e+01	-9.7861971e-02	-1.4478758e-02
-1.2691176e+02	-8.3591962e-02	-2.5684613e-02
-1.5020590e+02	-6.9670065e-02	-3.4537642e-02
-1.9598704e+02	-5.8223320e-02	-5.0473693e-02
-2.5115329e+02	-4.6656061e-02	-4.1562934e-02
-2.7911291e+02	-4.8638213e-02	3.1422896e-02
-1.8830750e+02	-5.0268595e-02	9.0805415e-02
-1.8638780e+02	-3.5554962e-02	8.1689964e-02
-1.0469784e+02	-4.0391714e-02	5.5243959e-02
-7.5899881e+01	-2.9479856e-02	2.4102955e-02
-5.6491925e+01	-1.6459139e-02	1.5737274e-02
-4.4425332e+01	-1.0421332e-02	8.1612377e-03
-4.0169450e+01	2.9170838e-03	4.7376145e-03
-3.4950103e+01	1.6641155e-02	8.4462110e-03
-2.3277028e+01	1.1382660e-02	6.9941215e-03
-2.0961860e+01	-1.7956772e-02	1.0950471e-03
-2.1086934e+01	-2.9997417e-02	-3.0315816e-03
-2.7025024e+01	-1.8735234e-02	-1.1910374e-02
-4.4907683e+01	-1.0083021e-02	-2.0155593e-02
-6.7336210e+01	-2.1969652e-02	-1.9170759e-02
-8.3249201e+01	-5.7845905e-02	-1.5379901e-02
-9.8096012e+01	-7.0366565e-02	-2.1947030e-02
-1.2714326e+02	-7.8554559e-02	-1.8601018e-02
-1.3529805e+02	-9.8871916e-02	-1.6027129e-02
-1.5919752e+02	-9.5639971e-02	-2.7899116e-02
-1.9109628e+02	-9.6840111e-02	-2.9656328e-02
-2.1851017e+02	-1.0381507e-01	-1.3870714e-02
-2.1883771e+02	-8.4347314e-02	-3.0787610e-03
-2.2466770e+02	-7.6831143e-02	-2.1603333e-02
-2.6204437e+02	-6.7368049e-02	-3.8889669e-02
-3.0244704e+02	-4.7979118e-02	-3.2453922e-02
-3.2695222e+02	-3.5114972e-02	3.2575556e-02
-2.3729592e+02	-3.2119096e-02	8.9656295e-02
-2.0453058e+02	-2.2220850e-02	7.7874944e-02
-1.2665563e+02	-2.5309399e-02	5.1928813e-02
-1.0067295e+02	-2.1788028e-02	2.2811790e-02
-8.1032055e+01	-2.1532586e-02	1.6448169e-02
-6.7776615e+01	-2.0497723e-02	1.6374940e-02
-4.8282175e+01	-1.4899584e-02	1.6633999e-02
-3.4508618e+01	-1.2203764e-02	9.8975148e-03
-2.8487145e+01	-1.6107415e-02	-7.5398073e-03
-4.9588232e+01	-2.2148808e-02	-1.7828091e-02
-6.4143328e+01	-2.6074830e-02	-2.7303643e-03
-5.5048961e+01	-1.8476566e-02	6.2274541e-03
-5.1688420e+01	-2.6705198e-03	-1.1153828e-02
-7.7356616e+01	-1.0525254e-02	-4.4475195e-02
-1.4063881e+02	-3.7037161e-02	-5.4327646e-02
-1.8601191e+02	-5.9032473e-02	-4.0284626e-02
-2.2120806e+02	-7.1763558e-02	-3.4957827e-02
-2.5592756e+02	-1.0743969e-01	-2.5916373e-02
-2.7304081e+02	-1.0491491e-01	-1.7853451e-02
-2.9163446e+02	-8.3270447e-02	-1.6713004e-02
-3.0646682e+02	-6.9742389e-02	-1.9859610e-03
-2.9560639e+02	-6.8751364e-02	1.2993144e-03
-3.0386819e+02	-7.3907145e-02	-1.7558377e-02
-3.3072314e+02	-5.8667675e-02	-2.1621667e-02
-3.4711152e+02	-3.8381207e-02	-9.3098571e-03
-3.4934285e+02	-1.7083700e-02	4.7282917e-02
-2.5254569e+02	-1.7673050e-02	9.6797167e-02
-2.3082950e+02	-2.8009243e-02	7.5512865e-02
-1.5531663e+02	-2.5930482e-02	5.5676781e-02
-1.1947594e+02	-2.4809967e-02	2.7879769e-02
-9.9557096e+01	-1.6093958e-02	1.7027579e-02
-8.5420779e+01	-6.1799755e-03	1.4794239e-02
-6.9968618e+01	-2.6460930e-03	1.3031574e-02
-5.9357631e+01	1.2087176e-03	7.2383807e-03
-5.5491857e+01	5.7049766e-03	-2.9509231e-03
-6.5259477e+01	1.6983690e-02	-8.8723684e-03
-7.3236594e+01	1.8819867e-02	6.4066017e-04
-6.3978156e+01	1.7684628e-02	1.1493936e-02
-5.0248722e+01	1.3118914e-02	-1.2204281e-02
-8.8386719e+01	-2.5323128e-03	-5.3537401e-02
-1.5732352e+02	-3.1612121e-03	-6.3887120e-02
-2.1616096e+02	-2.4716220e-02	-5.6673426e-02
-2.7067038e+02	-4.7511896e-02	-6.7008237e-02
-3.5017743e+02	-6.1676115e-02	-4.9178486e-02
-3.6902735e+02	-6.4556081e-02	-3.7298704e-03
-3.5763717e+02	-5.8673320e-02	5.5161973e-03
-3.5799495e+02	-4.6914285e-02	6.4836935e-04
-3.5634043e+02	-5.3140582e-02	-7.2435163e-03
-3.7248199e+02	-6.0074007e-02	-1.1519644e-02
-3.7937972e+02	-4.6780046e-02	-3.3637312e-03
-3.7920945e+02	-3.3851295e-02	9.1300529e-03
-3.6111962e+02	-1.9361252e-02	5.3283713e-02
-2.7264202e+02	-2.5634148e-02	8.8477593e-02
-2.6054906e+02	-1.4651162e-02	8.2032466e-02
-1.7851660e+02	-3.5571662e-03	5.5128089e-02
-1.5029289e+02	-1.3729396e-02	3.2648313e-02
-1.1321997e+02	-9.4179473e-03	3.5078161e-02
-8.0136566e+01	7.0953882e-03	2.9822806e-02
-5.3574361e+01	1.6078300e-02	2.4022692e-02
-3.2091182e+01	3.7661149e-02	1.8248584e-02
-1.7077192e+01	5.3952537e-02	8.2351648e-03
-1.5620853e+01	6.1022812e-02	-4.7132014e-03
-2.6503595e+01	5.7817842e-02	-2.0294265e-03
-1.9679706e+01	4.8285122e-02	5.2650155e-04
-2.5450592e+01	3.1627213e-02	-3.1370768e-02
-8.2421242e+01	1.7558679e-02	-6.0755321e-02
-1.4696123e+02	2.0409939e-02	-7.6511554e-02
-2.3544435e+02	-3.2299940e-03	-8.4635310e-02
-3.1623185e+02	-1.9380454e-02	-7.1917722e-02
-3.7927979e+02	-9.1637187e-03	-4.2960559e-02
-4.0215297e+02	-2.3543042e-02	-1.4850656e-02
-4.0898110e+02	-4.6190791e-02	9.2879230e-04
-4.0029539e+02	-4.9397844e-02	3.5467766e-03
-4.0188755e+02	-5.6206317e-02	-1.1860408e-02
-4.2401620e+02	-5.7121589e-02	-1.1197840e-02
-4.2428323e+02	-6.2282635e-02	4.6010452e-03
-4.1481411e+02	-5.4655827e-02	1.8108937e-02
-3.8806536e+02	-4.3167660e-02	5.5500064e-02
-3.0381398e+02	-2.1725336e-02	8.4251375e-02
-2.6013182e+02	4.6364105e-03	9.7700857e-02
-1.6243097e+02	1.4859227e-02	5.6598547e-02
-1.4693473e+02	1.9801525e-03	2.2018988e-02
-1.1839299e+02	-2.0673973e-03	3.7852363e-02
-7.1230003e+01	4.2706429e-03	4.0290487e-02
-3.7812017e+01	1.5055092e-02	4.3597335e-02
1.5964668e+01	3.5864517e-02	4.5112617e-02
5.2413217e+01	5.7995479e-02	2.0410740e-02
5.6786147e+01	6.9321154e-02	-5.0070635e-03
4.2399090e+01	6.7611429e-02	-1.2097029e-02
3.2592088e+01	5.1768291e-02	-1.4696693e-02
1.3005703e+01	2.9614254e-02	-4.2930724e-02
-5.3269360e+01	2.1875137e-02	-6.4754675e-02
-1.1650365e+02	2.3827808e-02	-8.4675793e-02
-2.2262095e+02	2.0474962e-02	-9.6463818e-02
-3.0943128e+02	8.8949696e-03	-7.2941961e-02
-3.6850487e+02	9.2806305e-03	-5.3341074e-02
-4.1611343e+02	-8.5605923e-03	-4.0756943e-02
-4.5001876e+02	-2.2692323e-02	-2.0338605e-02
-4.5679064e+02	-3.7977744e-02	-9.3671567e-03
-4.6875307e+02	-4.9278749e-02	-1.4967261e-02
-4.8672516e+02	-5.5587501e-02	-1.7595962e-02
-5.0394499e+02	-6.5118023e-02	-8.9796937e-04
-4.8852110e+02	-5.5117596e-02	2.8245029e-02
-4.4745494e+02	-3.6519253e-02	8.6214204e-02
-3.1609269e+02	-3.3025284e-03	1.3136224e-01
-2.5127624e+02	5.3883602e-03	1.0247810e-01
-1.4879814e+02	-2.1305592e-03	5.2471831e-02
-1.4633258e+02	-3.4338162e-03	1.5721689e-02
-1.1735477e+02	7.2628015e-04	3.7368651e-02
-7.1595280e+01	1.3115792e-03	4.6945295e-02
-2.3464176e+01	1.7132943e-02	5.5616565e-02
3.9637851e+01	1.8696039e-02	6.1188972e-02
9.8913767e+01	3.5374514e-02	4.1691802e-02
1.2302146e+02	5.4895280e-02	4.9027479e-03
1.0871926e+02	5.5299201e-02	-1.9582289e-02
8.3856877e+01	3.4196589e-02	-3.7470673e-02
3.3777916e+01	8.0595988e-03	-6.1263923e-02
-3.8670969e+01	8.0714427e-03	-6.6541767e-02
-9.9305618e+01	1.0287153e-02	-7.7911729e-02
-1.9449443e+02	2.9959482e-02	-9.9568148e-02
-2.9844191e+02	3.0913305e-02	-8.3112053e-02
-3.6071853e+02	2.2598709e-02	-6.0416121e-02
-4.1927416e+02	1.0270838e-02	-4.6823610e-02
-4.5436575e+02	4.9551918e-03	-2.8488360e-02
-4.7625088e+02	-3.4884200e-03	-2.3039649e-02
-5.0044505e+02	-1.2380678e-02	-2.9470165e-02
-5.3519120e+02	-2.1923089e-02	-2.7037114e-02
-5.5451928e+02	-2.1352222e-02	5.0709511e-03
-5.2504930e+02	-7.8460082e-03	4.6707707e-02
-4.6110386e+02	8.9689221e-03	1.0731513e-01
-3.1041904e+02	1.0287436e-02	1.5068482e-01
-2.4935510e+02	3.2387102e-03	8.2663019e-02
-1.6669208e+02	-1.4891285e-02	4.7776371e-02
-1.5380236e+02	-1.1379561e-02	2.4875827e-02
-1.1694043e+02	-1.6340648e-02	4.2597759e-02
-6.8606844e+01	-1.2833808e-02	5.6697149e-02
-3.5461319e+00	3.1599831e-03	6.0981795e-02
5.3356746e+01	-1.9602048e-03	6.3354188e-02
1.2316224e+02	2.2308301e-03	5.6609981e-02
1.6657671e+02	2.1137886e-02	1.4917624e-02
1.5299749e+02	3.2200129e-02	-3.2795721e-02
1.0098527e+02	1.4642602e-02	-6.1936296e-02
2.9124901e+01	2.8311322e-03	-6.9055870e-02
-3.7126475e+01	8.0408731e-03	-6.2527121e-02
-9.5929341e+01	1.3187482e-02	-6.2787754e-02
-1.6270198e+02	4.1410479e-02	-7.5837666e-02
-2.4760467e+02	6.2410836e-02	-8.0302734e-02
-3.2330745e+02	5.5371887e-02	-7.3983542e-02
-3.9557176e+02	4.1159286e-02	-5.8400460e-02
-4.4010837e+02	2.0991933e-02	-3.4097863e-02
-4.6376748e+02	1.4691713e-02	-2.6703027e-02
-4.9351443e+02	1.1673464e-02	-3.3401930e-02
-5.3057134e+02	2.4454424e-02	-2.6567506e-02
-5.4664944e+02	2.9958013e-02	1.3179111e-02
-5.0421312e+02	3.4983988e-02	5.8566173e-02
-4.2951709e+02	4.1024251e-02	1.0434765e-01
-2.9551782e+02	1.7405332e-02	1.3399927e-01
-2.4479882e+02	2.7031510e-03	6.6218109e-02
-1.7858071e+02	-8.7192271e-03	3.7853559e-02
-1.6909170e+02	-3.1897227e-03	1.4272326e-02
-1.5003606e+02	-1.4895010e-02	3.5914405e-02
-9.7262896e+01	-1.4726666e-02	6.6445926e-02
-1.7144210e+01	-1.4700984e-02	6.6490168e-02
3.5717441e+01	-1.6877522e-02	6.0259819e-02
1.0337543e+02	-1.3087186e-02	6.4789893e-02
1.6529723e+02	-5.7409633e-03	3.4872047e-02
1.7311952e+02	4.5157999e-03	-2.6077573e-02
1.1314208e+02	5.2453834e-03	-6.6839670e-02
3.9440180e+01	1.4570351e-02	-6.7865652e-02
-2.2589223e+01	2.9255494e-02	-5.6185417e-02
-7.2930653e+01	3.5973811e-02	-4.4542123e-02
-1.1167347e+02	5.1927224e-02	-5.0344794e-02
-1.7362024e+02	5.8172986e-02	-6.9150645e-02
-2.4997476e+02	6.3258943e-02	-8.1667671e-02
-3.3695558e+02	6.7587452e-02	-8.1203564e-02
-4.1238188e+02	4.5962813e-02	-5.4955932e-02
-4.4686745e+02	2.9954439e-02	-3.2358119e-02
-4.7709812e+02	2.6773934e-02	-1.9707454e-02
-4.8628236e+02	5.4263634e-02	-8.7525648e-03
-4.9460325e+02	6.5214185e-02	1.5600516e-02
-4.5508133e+02	4.9989919e-02	5.7773945e-02
-3.7905536e+02	4.2433764e-02	8.9736475e-02
-2.7560838e+02	1.7138200e-02	1.0344699e-01
-2.4394880e+02	7.6585287e-03	5.9818262e-02
-1.8413054e+02	1.8024632e-03	4.1883497e-02
-1.6018181e+02	1.5376474e-02	1.8700044e-02
-1.4673045e+02	2.1144491e-02	3.1060815e-02
-9.8060177e+01	1.4846388e-02	5.6891176e-02
-3.2948099e+01	-5.8693573e-03	5.8830940e-02
1.9601703e+01	-7.3010497e-03	6.4967986e-02
9.6987873e+01	-1.1445391e-02	6.7746539e-02
1.5509478e+02	-1.7237503e-02	3.2520610e-02
1.6202909e+02	-1.7352005e-02	-2.1809374e-02
1.1147603e+02	-1.7387925e-03	-5.1881744e-02
5.8265603e+01	1.4673582e-02	-4.5045760e-02
2.1384513e+01	3.1721320e-02	-4.1123661e-02
-2.3981718e+01	4.0748534e-02	-4.0116023e-02
-5.8847534e+01	3.3480056e-02	-5.3638491e-02
-1.3125870e+02	2.5648004e-02	-6.8971015e-02
-1.9678956e+02	3.2501082e-02	-6.4569077e-02
-2.6039685e+02	6.2475505e-02	-7.5696590e-02
-3.4818274e+02	6.5874899e-02	-7.1730876e-02
-4.0385860e+02	4.3018165e-02	-4.5891906e-02
-4.3996656e+02	3.3605172e-02	-9.0927347e-03
-4.2204407e+02	4.1493659e-02	1.1872745e-02
-4.1622107e+02	5.5143951e-02	8.9053965e-03
-4.0423328e+02	4.7461029e-02	3.5785752e-02
-3.4464956e+02	3.5408012e-02	7.1495929e-02
-2.6124142e+02	1.6535988e-02	8.3408140e-02
-2.2948177e+02	1.5208516e-02	5.4505978e-02
-1.7497579e+02	2.1742134e-02	4.5571505e-02
-1.3833876e+02	3.2580491e-02	3.3614354e-02
-1.0774708e+02	4.4783194e-02	3.5384318e-02
-6.7570120e+01	2.7626964e-02	3.9432078e-02
-2.8882925e+01	8.0748741e-03	4.4342731e-02
2.1115342e+01	1.1205327e-03	5.4683785e-02
8.0484644e+01	-2.4593162e-02	5.4853439e-02
1.3082222e+02	-3.1221010e-02	2.8965434e-02
1.3841551e+02	-2.7076975e-02	-1.0578862e-02
1.0966450e+02	-6.5719379e-03	-3.4814084e-02
6.8787344e+01	4.8496909e-03	-3.4405539e-02
4.0853418e+01	1.1288652e-02	-3.0110464e-02
8.5664155e+00	1.3715428e-02	-4.2783386e-02
-4.4713355e+01	-2.1502321e-03	-6.5445325e-02
-1.2232423e+02	-4.6967833e-03	-7.0129619e-02
-1.8497259e+02	-3.8439474e-03	-4.4840170e-02
-2.1200457e+02	2.2187405e-02	-4.7829747e-02
-2.8063209e+02	5.5408813e-02	-7.4413272e-02
-3.6083112e+02	4.2870577e-02	-6.4627845e-02
-4.0988778e+02	2.4831136e-02	-2.1231961e-02
-4.0329504e+02	1.2232848e-02	1.2786214e-02
-3.8431535e+02	1.7318256e-02	2.1567887e-02
-3.6015927e+02	2.8238662e-02	3.8038006e-02
-3.0823934e+02	2.7919192e-02	5.8811433e-02
-2.4253640e+02	1.4852604e-02	6.5702938e-02
-2.1353177e+02	1.0667008e-02	7.2885497e-02
-1.4064627e+02	3.4585074e-02	5.9255472e-02
-9.5020825e+01	4.2756841e-02	4.1741105e-02
-5.7164062e+01	4.8636968e-02	2.6107288e-02
-4.2806249e+01	3.2439707e-02	2.0182855e-02
-1.6798351e+01	2.4223508e-02	3.2324508e-02
2.1842768e+01	1.1029207e-02	3.2299950e-02
4.7801549e+01	-1.7509853e-02	3.5404996e-02
9.2652760e+01	-2.8025738e-02	3.0036797e-02
1.0787514e+02	-2.6147522e-02	2.8396980e-03
9.8332156e+01	-1.3483912e-02	-1.9955079e-02
6.7964985e+01	-1.9646878e-03	-2.7185170e-02
4.3961816e+01	-4.0122423e-03	-3.2257924e-02
3.4491378e+00	-1.4222290e-02	-5.3554907e-02
-6.3147998e+01	-2.0011589e-02	-7.2050702e-02
-1.4065227e+02	-1.4212537e-02	-7.0664730e-02
-2.0447746e+02	-1.3808390e-02	-3.7684889e-02
-2.1602204e+02	-7.4048807e-03	-1.6443830e-02
-2.3736512e+02	2.0515591e-02	-5.1047703e-02
-3.1811745e+02	2.7325545e-02	-7.6469583e-02
-3.9030429e+02	2.1138969e-02	-3.9730464e-02
-3.9757838e+02	1.5374666e-02	4.3598658e-03
-3.8158455e+02	8.3581694e-03	2.4911210e-02
-3.4775596e+02	5.7715941e-03	4.6386688e-02
-2.8881118e+02	-4.8789080e-03	5.8109872e-02
-2.3153621e+02	3.6965084e-04	5.7274965e-02
-2.0814775e+02	6.9049938e-04	1.0234211e-01
-1.0580564e+02	2.5522173e-02	7.7661337e-02
-5.2825076e+01	2.5987410e-02	4.7666248e-02
-1.0473145e+01	3.3224955e-02	2.5067184e-02
-2.6907069e+00	4.8175024e-02	1.5018619e-02
1.9564092e+01	5.6802719e-02	2.2932232e-02
4.3173757e+01	4.0187517e-02	1.2950423e-02
4.5464937e+01	1.6396100e-02	1.5798494e-02
7.4770745e+01	-3.9894247e-03	2.0327765e-02
8.6120467e+01	-8.2147568e-03	3.9629635e-03
8.2696672e+01	-2.1733263e-03	-1.0631250e-02
6.4857968e+01	1.1961470e-03	-2.4933870e-02
3.2828933e+01	-2.3516700e-02	-4.2368066e-02
-1.9878165e+01	-3.9774272e-02	-5.8782733e-02
-8.4736533e+01	-3.0397483e-02	-6.5435571e-02
-1.5074931e+02	-5.6400942e-03	-6.3926420e-02
-2.1258937e+02	1.4047214e-03	-3.8032514e-02
-2.2681433e+02	-5.0124671e-05	-1.3505766e-02
-2.3960091e+02	-6.7025852e-03	-3.9682846e-02
-3.0618003e+02	1.6232375e-03	-6.4004467e-02
-3.6760984e+02	1.1027476e-02	-3.3182840e-02
-3.7254571e+02	1.1838627e-02	5.4145289e-06
-3.6759901e+02	5.8792824e-03	1.1964815e-02
-3.4861608e+02	-3.8284888e-03	2.4800928e-02
-3.1799715e+02	-3.4161362e-02	5.3409490e-02
-2.4179710e+02	-1.4999475e-02	7.6200055e-02
-2.1215077e+02	-5.5738344e-03	1.2254884e-01
-8.9601926e+01	1.5201161e-02	8.4552383e-02
-4.3046005e+01	9.2675735e-03	4.9443887e-02
9.2858488e+00	2.1033965e-02	4.8294902e-02
5.3543799e+01	5.5347410e-02	4.3760619e-02
9.6807088e+01	6.5497268e-02	2.4337002e-02
1.0221780e+02	4.8308395e-02	-8.1066698e-03
8.0593748e+01	3.1900702e-02	-8.7719458e-03
8.4673911e+01	1.5743150e-02	5.4259405e-03
9.1445629e+01	1.1677827e-02	4.6557964e-03
9.3985504e+01	1.1875804e-02	-1.0544175e-02
7.0357279e+01	4.9074314e-03	-4.8528544e-02
-3.0715839e+00	-1.9239707e-02	-7.3228342e-02
-7.6099405e+01	-3.5722345e-02	-6.0435690e-02
-1.2394296e+02	-3.3970727e-02	-3.7916525e-02
-1.5193245e+02	-8.1279973e-03	-3.8862526e-02
-2.0166802e+02	8.2676154e-03	-3.2094919e-02
-2.1612229e+02	-1.1193623e-03	-2.4551137e-02
-2.5077029e+02	-1.5935686e-02	-4.9374341e-02
-3.1487098e+02	-8.3127103e-03	-5.8739522e-02
-3.6824933e+02	-8.4965479e-03	-2.9515075e-02
-3.7390112e+02	-1.8059856e-02	-7.8832767e-04
-3.6982599e+02	-2.3332231e-02	9.2440946e-03
-3.5541294e+02	-2.0868093e-02	6.3460436e-03
-3.5713390e+02	-3.2821121e-02	4.6938885e-02
-2.6153517e+02	-1.9227490e-02	9.5598737e-02
-2.1929542e+02	-4.4993029e-03	1.4389210e-01
-7.5403319e+01	1.8269204e-03	9.2502745e-02
-3.4289929e+01	-2.8095517e-03	5.3499052e-02
3.1594785e+01	1.3679030e-02	7.1147021e-02
1.0800411e+02	3.4519809e-02	5.9481922e-02
1.5055863e+02	3.5024108e-02	1.5893216e-02
1.3979055e+02	2.6314334e-02	-2.0646143e-02
1.0926634e+02	2.3886723e-02	-1.6766750e-02
1.0625705e+02	1.8171979e-02	1.0489009e-04
1.0947612e+02	1.1871064e-02	9.5616939e-05
1.0644828e+02	1.6826813e-02	-1.7401646e-02
7.4672831e+01	1.8213607e-02	-5.6049381e-02
-5.6504813e+00	1.5125496e-02	-8.2997843e-02
-9.1322855e+01	1.5484898e-03	-7.3513753e-02
-1.5267799e+02	-1.2036228e-02	-3.7841224e-02
-1.6700530e+02	-1.6058700e-02	-2.1688077e-02
-1.9605414e+02	-1.5834540e-03	-3.1023879e-02
-2.2905306e+02	-1.4179274e-02	-3.7709067e-02
-2.7147228e+02	-1.7552635e-02	-4.6876194e-02
-3.2280545e+02	-1.2929053e-02	-5.6565329e-02
-3.8460294e+02	-3.2022345e-02	-4.2929987e-02
-4.0866542e+02	-5.0318440e-02	-1.4830269e-02
-4.1426347e+02	-4.8229307e-02	9.1565780e-03
-3.9035227e+02	-3.3103916e-02	1.5312038e-02
-3.8363940e+02	-2.2949265e-02	5.5050093e-02
-2.8025208e+02	-1.3402713e-02	1.0338732e-01
-2.2114938e+02	-1.5826561e-02	1.3520129e-01
-8.5948085e+01	-3.2354958e-02	8.6242134e-02
-4.8665108e+01	-3.3603343e-02	6.1295997e-02
3.6643909e+01	-2.0337447e-02	8.5624262e-02
1.2258342e+02	-3.7903079e-03	6.5105697e-02
1.6685530e+02	5.6645748e-03	1.6131527e-02
1.5484647e+02	8.8745109e-03	-1.9244054e-02
1.2836719e+02	2.0698052e-02	-1.6914301e-02
1.2101787e+02	1.2170345e-02	-6.5897186e-03
1.1518776e+02	-3.1712526e-04	3.3106307e-03
1.2763913e+02	7.8613479e-03	-4.2016324e-03
1.0678449e+02	2.3427221e-02	-5.0229860e-02
2.7179409e+01	3.1363940e-02	-8.9893459e-02
-7.3002425e+01	2.3735001e-02	-8.7597414e-02
-1.4801542e+02	1.4231173e-02	-5.5523714e-02
-1.8404985e+02	-9.2740475e-04	-2.8409752e-02
-2.0483492e+02	-2.8398033e-04	-3.0215493e-02
-2.4448084e+02	-7.0748397e-03	-4.0520318e-02
-2.8587556e+02	-1.6804125e-02	-4.8124121e-02
-3.4072908e+02	-2.2061185e-02	-7.3209232e-02
-4.3229403e+02	-3.3437536e-02	-6.6904461e-02
-4.7453800e+02	-3.5865008e-02	-1.6995289e-02
-4.6628460e+02	-2.1475232e-02	2.6458618e-02
-4.2162077e+02	-1.3555460e-02	3.1626086e-02
-4.0303243e+02	-9.2498378e-03	6.6640088e-02
-2.8834059e+02	-1.3000678e-02	1.1469184e-01
-2.5094854e+02	-2.8535465e-02	1.1083531e-01
-1.4011323e+02	-5.9123636e-02	7.4725963e-02
-1.0149662e+02	-4.3865723e-02	6.5516563e-02
-9.0801087e+00	-2.9043107e-02	1.0096006e-01
1.0042350e+02	-1.1945290e-02	8.5483943e-02
1.6188778e+02	-3.0097516e-03	2.8558035e-02
1.5753957e+02	4.8152672e-03	-5.6126662e-03
1.5066245e+02	1.7568045e-02	-1.3470916e-02
1.3059774e+02	5.6839497e-04	-2.0910287e-02
1.0884187e+02	-9.9661125e-03	-4.2133798e-03
1.2217098e+02	-1.2219764e-02	6.3427010e-03
1.2152727e+02	-1.6479032e-03	-3.2546789e-02
5.7077398e+01	1.7924550e-02	-8.2690063e-02
-4.3852854e+01	1.9214638e-02	-9.0646520e-02
-1.2421564e+02	1.3839269e-02	-6.2503629e-02
-1.6886011e+02	6.9505640e-03	-3.6203231e-02
-1.9662210e+02	-3.7701632e-03	-3.7171314e-02
-2.4320274e+02	-1.9227819e-03	-5.4229212e-02
-3.0508053e+02	-1.3056818e-02	-6.1862540e-02
-3.6692782e+02	-1.6435776e-02	-7.3198740e-02
-4.5147801e+02	1.2772082e-04	-5.6733809e-02
-4.8039544e+02	1.8929795e-02	-2.8679650e-03
-4.5721394e+02	2.7938224e-02	3.1466126e-02
-4.1746318e+02	2.0670470e-02	2.7537433e-02
-4.0213907e+02	2.3223144e-02	5.5604875e-02
-3.0625344e+02	-1.0182046e-02	9.5885637e-02
-2.7822031e+02	-1.2680393e-02	7.4024948e-02
-2.0419536e+02	-4.2502814e-02	7.0911876e-02
-1.3639655e+02	-2.5771431e-02	9.1376527e-02
-2.1442304e+01	-1.1046994e-02	1.1754470e-01
9.8692837e+01	-6.2822210e-03	9.1139052e-02
1.6083580e+02	1.5836323e-04	3.2892084e-02
1.6447701e+02	1.3357267e-02	1.3337427e-03
1.6350329e+02	9.0586612e-03	-2.1161174e-02
1.2215466e+02	-1.0348552e-02	-3.4123877e-02
9.5255532e+01	-9.8475392e-03	-9.4775281e-03
1.0319960e+02	-1.3175813e-02	4.1165769e-03
1.0348869e+02	-2.6902506e-02	-2.0085546e-02
6.3028510e+01	-2.6243650e-02	-6.9030918e-02
-3.4573149e+01	-2.4779355e-02	-9.1682696e-02
-1.2033688e+02	-1.4525922e-02	-6.7787788e-02
-1.7014873e+02	-1.9864865e-02	-4.6019184e-02
-2.1237525e+02	-2.3769350e-02	-3.9088839e-02
-2.4832640e+02	-5.4871607e-03	-4.9806973e-02
-3.1198920e+02	1.3345283e-03	-6.2637115e-02
-3.7360063e+02	2.2349959e-03	-6.0024693e-02
-4.3203858e+02	2.4045024e-02	-3.1538890e-02
-4.3667841e+02	3.4515783e-02	1.0815214e-02
-4.1040816e+02	4.0131144e-02	2.8199293e-02
-3.8027983e+02	3.7681433e-02	2.6911006e-02
-3.5658614e+02	4.8853379e-02	3.5787572e-02
-3.0870468e+02	8.6354517e-03	4.7881461e-02
-2.7630933e+02	9.2396865e-03	5.1190465e-02
-2.2511886e+02	-1.0813208e-02	6.1634925e-02
-1.5303948e+02	-9.4686984e-03	9.6972383e-02
-3.1174097e+01	-2.0593680e-02	1.2044927e-01
8.7859056e+01	-2.6306196e-02	9.6689300e-02
1.6220450e+02	-1.1368773e-02	4.8197523e-02
1.8425410e+02	6.8550413e-03	3.2876317e-03
1.6877977e+02	1.2906702e-04	-3.7176735e-02
1.0990063e+02	-5.9048182e-03	-3.9816487e-02
8.9146793e+01	-2.4829293e-04	-7.0406416e-03
9.5819349e+01	-1.2557752e-02	-1.0712266e-02
6.7722261e+01	-3.8175085e-02	-4.5614626e-02
4.5900974e+00	-6.0484128e-02	-8.0566913e-02
-9.3411564e+01	-5.3398833e-02	-7.8928791e-02
-1.5326749e+02	-3.2651904e-02	-5.7589139e-02
-2.0858984e+02	-3.4160048e-02	-4.5446659e-02
-2.4416080e+02	-2.6469288e-02	-2.2793609e-02
-2.5417706e+02	-2.1532060e-02	-2.9125334e-02
-3.0241147e+02	-2.3854488e-03	-5.4140383e-02
-3.6245783e+02	1.0599155e-02	-5.0488244e-02
-4.0338796e+02	2.2840408e-02	-2.4453022e-02
-4.1136387e+02	2.2578206e-02	1.3218155e-02
-3.7695165e+02	2.9684187e-02	3.4631776e-02
-3.4210032e+02	3.8282991e-02	3.6259667e-02
-3.0443231e+02	4.1861515e-02	2.6558894e-02
-2.8898253e+02	2.3329456e-02	1.5449783e-02
-2.5974093e+02	3.7949002e-02	3.3919160e-02
-2.2582177e+02	2.3240914e-02	5.2203491e-02
-1.5533395e+02	9.9647870e-03	8.1596054e-02
-6.2629664e+01	-1.4539376e-02	1.0070720e-01
4.6080446e+01	-3.0864703e-02	1.0036396e-01
1.3809825e+02	-3.1869396e-02	6.6053321e-02
1.7818709e+02	-2.6568453e-02	1.2831583e-02
1.6376142e+02	-1.9798338e-02	-3.3921033e-02
1.1034502e+02	-1.4108894e-04	-3.4501236e-02
9.4758946e+01	2.0131947e-03	-1.6130462e-02
7.8084097e+01	-1.5627570e-02	-3.3810216e-02
2.7138515e+01	-3.0339156e-02	-6.8011922e-02
-5.7939747e+01	-4.0807842e-02	-8.4254665e-02
-1.4137082e+02	-2.6745237e-02	-6.3850472e-02
-1.8564069e+02	-2.5618387e-02	-4.8549003e-02
-2.3846882e+02	-2.7126432e-02	-3.9836569e-02
-2.6531383e+02	-2.9808601e-02	-2.6460850e-02
-2.9139052e+02	-4.1682363e-02	-2.5723134e-02
-3.1676009e+02	-1.7685142e-02	-3.0505900e-02
-3.5240232e+02	1.2023551e-02	-3.4798837e-02
-3.8635777e+02	3.1971934e-02	-1.9559839e-02
-3.9152200e+02	3.5137499e-02	1.7658992e-02
-3.5103978e+02	3.5591894e-02	4.3904078e-02
-3.0371385e+02	4.4644661e-02	3.9088334e-02
-2.7286312e+02	4.1024210e-02	2.0834037e-02
-2.6204577e+02	4.2312413e-02	1.0817344e-02
-2.0041132e+02	5.5749100e-02	2.1774289e-02
-1.7863704e+02	5.5237922e-02	3.3650710e-02
-1.3310990e+02	3.3510977e-02	5.9192093e-02
-6.0252848e+01	1.2740686e-02	7.9619777e-02
2.6129651e+01	-6.6754057e-03	7.9359280e-02
9.8465712e+01	-3.1594075e-02	5.2493773e-02
1.3111720e+02	-4.2991990e-02	1.5358690e-02
1.2918309e+02	-3.2352640e-02	-1.0749371e-02
1.0961845e+02	-1.4732446e-02	-1.8004955e-02
9.3173183e+01	-1.1586316e-02	-2.2527123e-02
6.4564209e+01	-7.8850417e-03	-4.3064617e-02
7.0439484e+00	-1.4156242e-02	-7.0794897e-02
-7.7025586e+01	-1.5011653e-02	-7.6972993e-02
-1.4690204e+02	-4.4019491e-03	-6.3739337e-02
-2.0450426e+02	-1.6529514e-02	-5.7970333e-02
-2.6284270e+02	-2.0065337e-02	-4.9636873e-02
-3.0377800e+02	-3.1821765e-02	-3.7349541e-02
-3.3754179e+02	-3.6937172e-02	-1.7001875e-02
-3.3778176e+02	-2.4664035e-02	-4.3446892e-04
-3.3841072e+02	8.5976529e-04	-8.3116793e-04
-3.3944409e+02	3.0028228e-02	-1.3390744e-03
-3.4108887e+02	3.5158408e-02	1.6838115e-02
-3.0576786e+02	2.8967807e-02	4.4138938e-02
-2.5281100e+02	2.6051817e-02	4.1691984e-02
-2.2238389e+02	3.3842135e-02	2.4226646e-02
-2.0435771e+02	5.0957453e-02	1.8026189e-02
-1.4824273e+02	5.7486750e-02	3.2896804e-02
-1.1534593e+02	7.1681839e-02	2.9965367e-02
-8.8311997e+01	5.9867084e-02	3.9098818e-02
-3.7148292e+01	3.6212182e-02	6.0520815e-02
3.2729634e+01	1.1589539e-02	5.6029198e-02
7.4910105e+01	-1.7020902e-02	2.9736737e-02
9.2203108e+01	-3.4649263e-02	1.2073018e-02
9.9056140e+01	-2.8766025e-02	-5.6614886e-03
8.0880131e+01	-2.5614767e-02	-1.3734913e-02
7.1586315e+01	-2.3681960e-02	-9.2830585e-03
6.2314014e+01	-1.7389821e-02	-3.6380142e-02
-1.1739683e+00	-1.4261135e-02	-7.5138533e-02
-8.7963053e+01	-1.6792530e-02	-7.4500373e-02
-1.5017471e+02	-2.0324138e-02	-6.5368332e-02
-2.1869972e+02	-2.4582158e-02	-6.4212392e-02
-2.7859950e+02	-1.8905156e-02	-5.5128820e-02
-3.2895736e+02	-2.2100024e-02	-4.3332685e-02
-3.6526487e+02	-2.3615673e-02	-1.8565404e-02
-3.6608816e+02	-2.9344491e-02	7.2910372e-03
-3.5068279e+02	-1.5083110e-02	1.9893426e-02
-3.2630131e+02	2.2473136e-03	1.4738803e-02
-3.2120519e+02	1.9621387e-02	1.6598571e-02
-2.9310417e+02	1.9183365e-02	3.4797487e-02
-2.5161021e+02	9.7889758e-03	4.3962663e-02
-2.0517884e+02	1.5788384e-02	4.5739673e-02
-1.6013087e+02	4.5539796e-02	4.5047978e-02
-8.5437825e+01	4.4743226e-02	5.0164466e-02
-3.5273358e+01	6.5574474e-02	3.6031044e-02
-1.3375736e+01	6.5613830e-02	2.3722437e-02
1.2171516e+01	4.3619476e-02	3.1342232e-02
4.9308728e+01	1.5866066e-02	2.6126196e-02
6.4423909e+01	-5.5587531e-03	6.2549717e-03
6.1818672e+01	-2.4095072e-02	3.6135667e-03
7.1651042e+01	-2.8154169e-02	-1.7148760e-03
5.8388920e+01	-1.6269350e-02	-1.2920890e-02
4.5809263e+01	-1.1645690e-02	-1.4302176e-02
2.9784567e+01	-1.9618903e-02	-3.3643792e-02
-2.1478321e+01	-2.0662531e-02	-7.0197606e-02
-1.1061065e+02	-2.1766487e-02	-8.3035997e-02
-1.8755031e+02	-3.3309122e-02	-7.1528965e-02
-2.5366858e+02	-3.3153274e-02	-5.6551351e-02
-3.0065302e+02	-2.4978546e-02	-4.7154739e-02
-3.4797805e+02	-2.0209964e-02	-4.2060058e-02
-3.8477313e+02	-2.2045394e-02	-2.4246342e-02
-3.9647074e+02	-2.3393389e-02	8.0980935e-03
-3.6857695e+02	-2.1616214e-02	3.0760637e-02
-3.3494946e+02	-8.3212394e-03	3.3365423e-02
-3.0184610e+02	2.8206443e-02	3.3774166e-02
-2.6740113e+02	3.7330565e-02	3.4306526e-02
-2.3323305e+02	2.9780948e-02	3.8297003e-02
-1.9080713e+02	1.4280154e-02	5.9977467e-02
-1.1327811e+02	3.2149998e-02	7.7529013e-02
-5.8756280e+01	2.8937575e-02	7.4559300e-02
1.5803020e+01	4.3168904e-02	5.0835971e-02
4.2915662e+01	4.7334587e-02	1.7143821e-02
5.0090661e+01	4.0574704e-02	1.0773052e-02
6.4461767e+01	1.0454488e-02	6.8509689e-03
6.3792598e+01	-4.1563239e-03	-1.0224401e-02
4.4012965e+01	-2.0154072e-04	-1.0522398e-02
4.2747802e+01	-3.2949709e-03	2.1642333e-03
4.8341431e+01	-1.4748248e-03	2.7735667e-03
4.8294935e+01	7.7595728e-03	-1.2632612e-02
2.3076208e+01	7.0324749e-03	-4.5396983e-02
-4.2499030e+01	-7.2466368e-03	-7.7286117e-02
-1.3149603e+02	-1.0242934e-02	-8.7146964e-02
-2.1679296e+02	-1.7181088e-02	-7.6755120e-02
-2.8500627e+02	-2.7432768e-02	-5.5881816e-02
-3.2855659e+02	-4.0884997e-02	-4.2185510e-02
-3.6937729e+02	-3.9716546e-02	-4.0399533e-02
-4.0935565e+02	-3.4259416e-02	-2.1748828e-02
-4.1287494e+02	-2.3386018e-02	7.7202172e-03
-3.9391522e+02	-2.8407437e-02	3.4965576e-02
-3.4294379e+02	-2.0986725e-02	6.4561460e-02
-2.6479230e+02	1.9114951e-03	6.2250375e-02
-2.1844304e+02	1.8267491e-02	3.6371992e-02
-1.9204832e+02	2.6960910e-02	2.0912251e-02
-1.7661854e+02	1.5747092e-02	4.8108724e-02
-9.5830870e+01	2.1258138e-02	8.0787667e-02
-2.7562674e+01	3.6473553e-02	7.8627123e-02
5.1064450e+01	3.7247204e-02	5.4428056e-02
8.1293438e+01	3.9548285e-02	2.1128237e-02
9.3320924e+01	4.3523306e-02	-5.5378667e-03
7.0217704e+01	1.6210106e-02	-1.8604832e-02
5.6111261e+01	2.6740155e-03	-4.4010571e-03
6.1415590e+01	1.4714490e-02	4.4749197e-03
6.5061101e+01	1.9034806e-02	-2.9881602e-03
5.5439270e+01	6.7665144e-03	-1.8663458e-03
6.1328409e+01	7.1883021e-03	-5.7948765e-03
4.3849517e+01	1.0757726e-02	-4.8650002e-02
-3.5971595e+01	1.0806514e-02	-8.7473015e-02
-1.3109651e+02	5.3662341e-03	-9.2970448e-02
-2.2191249e+02	-6.8892074e-03	-8.8718799e-02
-3.0853411e+02	-2.7489815e-02	-8.0255260e-02
-3.8242301e+02	-4.8269480e-02	-5.9438518e-02
-4.2741115e+02	-5.6774026e-02	-3.5434477e-02
-4.5329196e+02	-4.6812659e-02	-7.9158132e-03
-4.4324277e+02	-3.7414331e-02	1.3950073e-02
-4.2539182e+02	-3.3463395e-02	3.3159930e-02
-3.7692291e+02	-3.2255363e-02	6.3684355e-02
-2.9802311e+02	-4.1315428e-02	7.3028382e-02
-2.3086615e+02	-2.9151203e-02	5.9355941e-02
-1.7931123e+02	-6.2512480e-03	3.5776604e-02
-1.5931294e+02	8.2960682e-03	5.4274695e-02
-7.0761838e+01	2.7683193e-02	8.8551104e-02
1.4190825e+01	3.3103781e-02	7.6106603e-02
9.0297428e+01	4.7734453e-02	5.3910703e-02
1.2201223e+02	4.0089711e-02	2.3419923e-02
1.3713727e+02	3.2132978e-02	-1.2565126e-02
9.6881980e+01	3.0129556e-02	-3.3998322e-02
6.9140629e+01	2.5541004e-02	-1.1720017e-02
7.3441946e+01	7.6079890e-03	5.8383926e-03
8.0817415e+01	-4.2440028e-03	-5.7837427e-03
6.1874460e+01	-6.7651874e-03	-9.0729376e-03
6.2671539e+01	-1.9555155e-02	-8.6414004e-03
4.4591659e+01	-2.5717944e-02	-4.1778770e-02
-2.0886001e+01	-5.1105292e-03	-8.2677609e-02
-1.2076356e+02	5.2417069e-03	-1.0484269e-01
-2.3057137e+02	-8.0523019e-03	-1.0961117e-01
-3.3998589e+02	-2.8053234e-02	-9.7262088e-02
-4.2509555e+02	-3.5836762e-02	-7.1469721e-02
-4.8292534e+02	-3.6897163e-02	-3.8942712e-02
-5.0298097e+02	-3.2911672e-02	-2.3891336e-03
-4.8770360e+02	-3.3607630e-02	2.1069481e-02
-4.6084201e+02	-2.9025047e-02	4.0124544e-02
-4.0745452e+02	-2.7357351e-02	5.6709428e-02
-3.4742316e+02	-4.1409889e-02	6.5354536e-02
-2.7674544e+02	-4.4815967e-02	7.1436171e-02
-2.0455081e+02	-3.5968754e-02	5.8359522e-02
-1.6002640e+02	-1.8571275e-02	8.2043164e-02
-4.0464485e+01	1.7640300e-02	1.1956192e-01
3.8644888e+01	2.4454062e-02	1.0788847e-01
1.4653336e+02	5.6235928e-02	6.1413986e-02
1.6147286e+02	3.9460627e-02	5.5267630e-03
1.5758688e+02	2.0449608e-02	-1.5498021e-02
1.3047682e+02	3.3594837e-02	-2.5196807e-02
1.0719327e+02	3.8052639e-02	-2.6922624e-02
7.6631568e+01	3.1896226e-03	-2.5310087e-02
5.6573095e+01	-2.4244320e-02	-1.7361337e-02
4.1908895e+01	-1.9965565e-02	-1.7177498e-02
2.2218098e+01	-4.0453441e-02	-2.4747633e-02
-7.5863711e+00	-5.2178031e-02	-3.4205376e-02
-4.6192653e+01	-2.5306652e-02	-5.6513364e-02
-1.2061310e+02	1.5045865e-04	-9.5912221e-02
-2.3801709e+02	-7.4457222e-03	-1.2201374e-01
-3.6464058e+02	-2.4654684e-02	-1.0803972e-01
-4.5409653e+02	-2.9000986e-02	-6.8282447e-02
-5.0120547e+02	-1.8280136e-02	-3.2509387e-02
-5.1911531e+02	-1.6134336e-02	-4.6262798e-03
-5.1045803e+02	-2.2754428e-02	1.7836698e-02
-4.8344191e+02	-2.2599902e-02	3.9410208e-02
-4.3163762e+02	-2.4183100e-02	5.1299513e-02
-3.8084289e+02	-3.3419732e-02	5.5569765e-02
-3.2049809e+02	-4.3752641e-02	6.4797076e-02
-2.5124874e+02	-4.6697922e-02	6.2021296e-02
-1.9645549e+02	-3.6429092e-02	1.0788375e-01
-3.5481237e+01	4.9832475e-03	1.6097426e-01
